0.0489,0,0.1467,0.1956,0.2445,0.2934,0.3423,0.3912,0.4401,0.489,0.5379,0.5868,0.6357,0.6846,0.7335,0.7824,0.8313,0.8802,0.9291,0.978,1.0269,1.0758,1.1247,1.1736,1.2225,1.2714,1.3203,1.3692,1.4181,1.467,1.5159,1.5648,1.6137,1.6626,1.7115,1.7604,1.8093,1.8582,1.9071,1.956,2.0049,2.0538,2.1027,2.1516,2.2005,2.2494,2.2983,2.3472,2.3961,2.445,2.4939,2.5428,2.5917,2.6406,2.6895,2.7384,2.7873,2.8362,2.8851,2.934,2.9829,3.0318,3.0807,3.1296,3.1785,3.2274,3.2763,3.3252,3.3741,3.423
1,0.22943,0.61407,0.91838,0.9669,1,0.96305,0.98554,0.96048,0.99357,0.97365,0.94441,0.93734,0.92706,0.94987,0.96915,0.94634,0.92995,0.93927,0.92674,0.95116,0.91131,0.92931,0.91645,0.93541,0.991,0.97494,0.92288,0.92224,0.92256,0.9322,0.91549,0.91517,0.92995,0.96979,0.94505,0.91742,0.94473,0.92063,0.92095,0.94344,0.95405,0.92127,0.92256,0.90713,0.87629,0.9579,0.93541,0.9081,0.91742,0.90842,0.89299,0.8885,0.91902,0.87275,0.89107,0.90103,0.90231,0.87661,0.88753,0.89942,0.90006,0.93059,0.91613,0.89235,0.89974,0.91613,0.84319,0.90103,0.90071
2,0.95936,0.96912,1,0.94311,0.96619,0.98049,0.97237,0.97432,0.99155,0.95709,0.96489,0.94766,0.95384,0.97594,0.95351,0.96034,0.97562,0.93563,0.95156,0.94408,0.92458,0.94083,0.97497,0.93953,0.92165,0.95221,0.9249,0.91255,0.93953,0.96684,0.94603,0.93173,0.93628,0.93466,0.95774,0.94051,0.90312,0.93498,0.90702,0.93173,0.95059,0.91287,0.94181,0.94051,0.92458,0.93108,0.9093,0.92945,0.9119,0.94538,0.91645,0.91482,0.94831,0.93368,0.89369,0.90247,0.90052,0.9041,0.93758,0.90312,0.91287,0.87126,0.89142,0.86931,0.9015,0.89889,0.91222,0.89402,0.90312
3,0.96542,0.99282,0.97749,0.96411,0.98042,0.92431,0.97749,0.96705,0.93083,0.97912,1,0.95595,0.94878,0.96411,0.96607,0.95237,0.93573,0.97586,0.93246,0.96183,0.9615,0.95139,0.96052,0.95595,0.95856,0.93083,0.95954,0.93344,0.96639,0.94421,0.95922,0.95661,0.95563,0.88613,0.94845,0.92202,0.95171,0.94878,0.96183,0.91746,0.96346,0.92365,0.92235,0.89755,0.92431,0.96705,0.95498,0.9155,0.97064,0.92039,0.91582,0.92365,0.90408,0.92431,0.90734,0.90701,0.93312,0.89625,0.93801,0.89168,0.91452,0.91648,0.89331,0.88189,0.88972,0.91485,0.87896,0.94388,0.90082
4,0.95646,0.93584,0.97676,0.98756,0.97119,0.98527,1,0.95319,0.95777,0.99182,0.98298,0.97218,0.96596,0.92635,0.96039,0.95548,0.95777,0.9437,0.96399,0.97872,0.95941,0.96007,0.9617,0.95155,0.97709,0.92537,0.93846,0.98265,0.91555,0.96465,0.9401,0.92406,0.92668,0.97316,0.92897,0.92046,0.91358,0.90573,0.94337,0.92799,0.94795,0.93388,0.9437,0.91227,0.90409,0.89493,0.92177,0.88773,0.90802,0.92766,0.91097,0.93224,0.9126,0.90507,0.92897,0.91424,0.94173,0.92144,0.88216,0.94108,0.91129,0.92013,0.89755,0.91097,0.90867,0.91424,0.90998,0.91195,0.90573
5,0.98508,0.98144,0.98409,0.99768,0.98508,0.94365,0.97614,0.98707,0.96951,0.96155,0.98144,0.99967,0.96586,0.9821,0.96652,0.99801,0.95857,0.96553,0.96619,0.98774,0.93934,0.9758,0.96984,1,0.97614,0.97481,0.94564,0.99569,0.96818,0.95094,0.9589,0.96586,0.94597,0.98939,0.96553,0.94332,0.93901,0.9473,0.95393,0.94332,0.9115,0.97249,0.95923,0.92741,0.98939,0.95293,0.94034,0.95492,0.95791,0.95194,0.93669,0.93371,0.9231,0.93835,0.93769,0.92343,0.91946,0.9526,0.93835,0.91482,0.93437,0.89791,0.92708,0.93073,0.94034,0.89228,0.93437,0.90686,0.94034
6,0.98786,0.99016,0.97146,0.98917,0.98294,0.95768,0.96588,0.96949,0.95079,1,0.9872,0.9685,0.95374,0.93668,0.98163,0.94455,0.97474,0.97441,0.94521,0.95144,0.99114,0.97638,0.95833,0.95604,0.98327,0.96391,0.95341,0.96096,0.94029,0.97867,0.96096,0.91634,0.94029,0.9544,0.94751,0.93504,0.97769,0.93438,0.93865,0.91995,0.93176,0.90682,0.95965,0.94357,0.94915,0.92421,0.9124,0.91109,0.9416,0.93406,0.91699,0.93176,0.94783,0.90978,0.9124,0.89993,0.92815,0.91601,0.92126,0.93471,0.91109,0.92585,0.89928,0.89961,0.93406,0.93766,0.86417,0.90978,0.92093
7,0.22677,0.60406,0.89431,0.97251,0.93554,0.97382,0.93946,1,0.98986,0.98429,0.9964,0.97938,0.97579,0.92736,0.9591,0.9627,0.99411,0.9411,0.95681,0.96433,0.96008,0.95582,0.99116,0.95975,0.99149,0.9519,0.97415,0.9627,0.95255,0.94568,0.96466,0.96531,0.93423,0.93292,0.92277,0.95648,0.9748,0.97677,0.95419,0.95321,0.93423,0.9699,0.94241,0.92637,0.94306,0.89758,0.92245,0.94732,0.94993,0.94306,0.92245,0.90085,0.91983,0.9303,0.92277,0.95092,0.93881,0.88318,0.93914,0.95615,0.92997,0.88973,0.92081,0.92114,0.88253,0.9195,0.94666,0.92703,0.93914
8,0.96459,0.96721,0.95705,0.96459,0.97803,0.9777,0.99213,0.99803,0.97738,0.96492,0.94885,1,0.9518,0.94918,0.97213,0.96459,0.9777,0.97443,0.94689,0.92623,0.9682,0.94623,0.92459,0.96131,0.94098,0.92852,0.9259,0.96328,0.93443,0.95934,0.95803,0.96131,0.97443,0.9459,0.92492,0.94754,0.97148,0.91016,0.95311,0.9282,0.93738,0.93443,0.96459,0.95049,0.94,0.92525,0.94098,0.9141,0.93738,0.91738,0.92754,0.9059,0.94361,0.93016,0.95115,0.93311,0.92525,0.93443,0.8918,0.92689,0.93738,0.9223,0.90066,0.89475,0.93836,0.88525,0.89967,0.92918,0.89246
9,0.99186,0.9769,0.98861,0.98829,0.95184,0.99317,0.9629,0.98178,0.96974,0.96128,0.98666,1,0.97722,0.98243,0.96486,0.95379,0.9398,0.96941,0.97039,0.95249,0.94273,0.96453,0.94305,0.96225,0.97852,0.93264,0.93752,0.93069,0.95867,0.92873,0.92483,0.94989,0.94891,0.94826,0.97722,0.94143,0.9642,0.93134,0.92646,0.92353,0.90107,0.91572,0.91637,0.95347,0.95021,0.92613,0.91897,0.94435,0.91962,0.89815,0.93264,0.92027,0.91181,0.91637,0.91832,0.89261,0.92515,0.88513,0.88643,0.91214,0.93069,0.92483,0.91572,0.90107,0.92776,0.91409,0.88448,0.92581,0.90596
10,0.65272,0.94099,0.95785,0.96368,0.96044,0.9773,0.96498,0.97601,1,0.99027,0.99416,0.97114,0.94877,0.9559,0.96595,0.98152,0.93418,0.97114,0.95785,0.97341,0.93612,0.96304,0.93872,0.93191,0.95752,0.92542,0.94196,0.94131,0.94326,0.94488,0.92737,0.95104,0.9478,0.92834,0.96855,0.94488,0.90499,0.94066,0.93515,0.92283,0.94423,0.93547,0.92575,0.92607,0.95752,0.93677,0.92996,0.91667,0.94909,0.91764,0.93126,0.91699,0.90856,0.93061,0.90532,0.90921,0.9144,0.93936,0.89916,0.92996,0.9011,0.92185,0.93418,0.91796,0.91083,0.90856,0.89527,0.90045,0.91083
11,0.93422,0.99186,0.99349,0.91338,0.97721,0.98535,0.97851,0.95018,0.98567,0.92999,0.98372,1,0.96613,0.95344,0.95148,0.94497,0.98144,0.97623,0.95962,0.93162,0.95376,0.92673,0.93097,0.98176,0.93292,0.95571,0.97004,0.97134,0.96776,0.91371,0.9352,0.95995,0.91403,0.93683,0.96125,0.93325,0.92152,0.93911,0.95018,0.96027,0.94888,0.93748,0.9085,0.95962,0.91306,0.92836,0.9759,0.93292,0.92185,0.94529,0.94855,0.90394,0.92087,0.92771,0.92641,0.90524,0.91762,0.95441,0.89938,0.91729,0.92771,0.92511,0.93618,0.91176,0.92315,0.92934,0.91176,0.86421,0.90166
12,0.6627,0.97489,0.99537,0.99736,0.97126,1,0.96531,0.99604,0.96961,0.99604,0.96432,0.98117,0.97522,0.97291,0.96234,0.94979,0.97357,0.99273,0.97654,0.9293,0.97225,0.96135,0.97225,0.99471,0.95837,0.96168,0.97093,0.93558,0.97324,0.96201,0.99372,0.95738,0.98084,0.94285,0.96333,0.94945,0.94285,0.93822,0.93426,0.93095,0.92996,0.93129,0.94483,0.9597,0.93327,0.94582,0.92831,0.92402,0.91444,0.96895,0.93459,0.93162,0.9336,0.93492,0.91444,0.92402,0.93327,0.93888,0.92038,0.93855,0.9369,0.92104,0.92765,0.93261,0.9521,0.95276,0.94483,0.94483,0.92005
13,0.57447,0.86442,1,0.97772,0.97072,0.95162,0.93125,0.94876,0.93794,0.94971,0.95353,0.93539,0.92139,0.91248,0.92966,0.92871,0.9513,0.93603,0.92584,0.9182,0.91852,0.93316,0.95799,0.94017,0.92266,0.9077,0.92648,0.93221,0.92616,0.97963,0.95417,0.92362,0.94876,0.90547,0.90102,0.93062,0.90707,0.91152,0.9268,0.89211,0.91916,0.92266,0.92298,0.9494,0.91852,0.8972,0.92584,0.94303,0.88956,0.89211,0.90929,0.92139,0.89561,0.90484,0.9007,0.89274,0.90102,0.90547,0.88733,0.86983,0.89433,0.90325,0.9268,0.87015,0.89211,0.88892,0.89147,0.91025,0.89274
14,0.97101,0.98647,0.9607,0.94491,0.94652,0.97616,0.96875,0.95039,0.94684,0.94233,0.94716,0.95973,0.94878,0.97809,0.93782,0.92977,0.94233,0.93492,0.94201,0.96295,0.94684,0.93073,0.95039,0.98454,0.94555,0.94555,0.94813,0.93396,0.93718,0.92204,0.93621,0.93782,0.92912,0.95329,0.92912,0.91334,0.93267,0.91914,0.9462,0.92397,0.90561,0.9491,0.90883,0.93621,0.91463,0.92526,0.92268,0.92268,0.90271,0.8924,0.92365,0.87661,0.88338,0.90657,0.93202,0.92848,0.88918,0.90561,0.90625,0.87597,0.9143,0.89304,0.89562,0.8953,0.92365,0.91559,0.92816,0.88563,0.9114
15,0.95381,0.99675,0.9743,0.95088,0.95738,0.97593,0.95999,0.9229,0.96714,0.97463,0.99545,0.95608,0.95901,0.96714,0.97332,0.94144,0.96487,0.95869,0.94925,0.95316,1,0.98731,0.973,0.97072,0.95381,0.9486,0.95446,0.92518,0.91152,0.98016,0.98016,0.94405,0.94795,0.94177,0.9499,0.9447,0.91477,0.92908,0.96194,0.91867,0.96031,0.91997,0.95348,0.94958,0.9486,0.95543,0.95804,0.90956,0.94209,0.91087,0.92876,0.91184,0.892,0.93819,0.91087,0.93136,0.919,0.93722,0.93038,0.89785,0.92258,0.89818,0.8933,0.92876,0.90078,0.89135,0.90078,0.90143,0.9164
16,0.65641,0.92628,0.95801,0.91891,0.9625,0.93109,0.96122,0.96859,0.95224,0.96603,0.93686,0.97212,0.93782,0.96442,1,0.93878,0.90801,0.96667,0.93013,0.94968,0.92051,0.94712,0.95096,0.94583,0.95064,0.94167,0.94615,0.96699,0.92756,0.94391,0.89199,0.93846,0.94647,0.91955,0.91026,0.94712,0.94423,0.92276,0.93622,0.95705,0.93846,0.91378,0.91699,0.92821,0.89199,0.91667,0.90994,0.90737,0.91667,0.92115,0.91923,0.93237,0.93846,0.89391,0.92788,0.92724,0.89936,0.91346,0.89808,0.9016,0.91635,0.88558,0.91731,0.91987,0.89647,0.90449,0.86827,0.89006,0.87564
17,0.96153,0.93716,0.94998,0.95511,0.9471,0.96794,0.95127,1,0.94357,0.96153,0.98685,0.97243,0.95223,0.95992,0.93556,0.93011,0.97499,0.95704,0.96473,0.94421,0.93459,0.94133,0.95415,0.92882,0.94293,0.90189,0.93011,0.91664,0.94261,0.92786,0.90766,0.94197,0.89836,0.93011,0.93267,0.95447,0.92786,0.95992,0.9269,0.94133,0.91888,0.90638,0.92401,0.91792,0.94357,0.91888,0.92562,0.90574,0.91504,0.89901,0.94357,0.90574,0.92882,0.89291,0.89804,0.89612,0.90991,0.91824,0.88298,0.93748,0.88811,0.9285,0.91343,0.89772,0.9051,0.89772,0.88714,0.89612,0.8772
18,0.99869,0.99018,0.9797,0.95547,0.95416,0.98592,0.97151,0.97675,0.96529,0.93189,0.95678,1,0.94139,0.93779,0.95285,0.97119,0.97937,0.9368,0.95449,0.97675,0.93026,0.99378,0.97773,0.93582,0.97872,0.96365,0.94303,0.95252,0.98297,0.96038,0.94532,0.94204,0.95776,0.94401,0.9499,0.97217,0.96922,0.95645,0.93157,0.94565,0.9427,0.96103,0.94335,0.94892,0.94532,0.94499,0.926,0.94008,0.93189,0.91356,0.93157,0.9427,0.90013,0.96267,0.91847,0.92895,0.94008,0.91388,0.9368,0.92469,0.95809,0.92371,0.90472,0.94237,0.92207,0.91519,0.90668,0.90111,0.9165
19,0.95798,0.96356,1,0.97571,0.978,0.96651,0.98818,0.98884,0.97702,0.98818,0.97669,0.96848,0.9803,0.99114,0.96848,0.93336,0.96684,0.95535,0.95699,0.97538,0.95798,0.94747,0.94288,0.96848,0.9432,0.97341,0.98194,0.93204,0.94682,0.94944,0.96356,0.95371,0.96422,0.93204,0.93795,0.93992,0.93237,0.92974,0.94419,0.9432,0.94682,0.9304,0.91825,0.93303,0.93401,0.94123,0.93959,0.92777,0.935,0.93631,0.90775,0.913,0.91037,0.92942,0.94058,0.913,0.93007,0.94649,0.95732,0.92219,0.91333,0.91924,0.92088,0.92186,0.91793,0.89527,0.91661,0.93073,0.90282
20,0.90786,0.97795,0.98026,0.9773,0.97532,0.97071,0.95031,0.94636,0.98223,0.98157,0.95229,0.95393,0.94735,0.97071,0.97598,0.96545,0.97631,1,0.97302,0.96315,0.96512,0.95295,0.97598,0.96249,0.96841,0.97762,0.92859,0.94209,0.94307,0.97499,0.97762,0.96578,0.94505,0.98091,0.95854,0.95722,0.94472,0.97104,0.94011,0.91807,0.95196,0.94702,0.92168,0.93748,0.95229,0.95986,0.92892,0.92498,0.9207,0.94274,0.9717,0.92629,0.96216,0.93452,0.92103,0.94307,0.91017,0.88746,0.90721,0.94274,0.92432,0.94538,0.90754,0.90161,0.89701,0.96808,0.88944,0.90359,0.91543
21,0.61778,0.92356,0.99934,0.9813,0.96719,0.94521,1,0.99114,0.9544,0.95866,0.98163,0.99114,0.98163,0.96227,0.96391,0.99606,0.93176,0.97671,0.95866,0.98163,0.94521,0.95276,0.96785,0.95538,0.95866,0.97343,0.90814,0.93635,0.92979,0.95801,0.92192,0.96555,0.95768,0.91962,0.9311,0.94094,0.93602,0.94948,0.92552,0.91503,0.93012,0.94849,0.92651,0.93077,0.91503,0.90584,0.92979,0.91601,0.92388,0.93077,0.90453,0.91535,0.91929,0.91371,0.91995,0.91634,0.89469,0.9124,0.91995,0.89665,0.89797,0.9042,0.91306,0.91142,0.8914,0.92093,0.9042,0.89469,0.90387
22,0.98339,0.9772,0.97036,0.95114,1,0.99609,0.94919,0.96808,0.98241,0.97427,0.96612,0.95537,0.95147,0.94072,0.95733,0.94691,0.95863,0.91759,0.94528,0.91694,0.95635,0.9557,0.98111,0.94332,0.94756,0.91498,0.89935,0.94951,0.9316,0.94593,0.91173,0.92932,0.90554,0.91792,0.90619,0.90945,0.91857,0.93127,0.92704,0.90065,0.95179,0.92182,0.9202,0.91401,0.9013,0.89381,0.91042,0.88567,0.90358,0.90293,0.88664,0.91564,0.88339,0.87068,0.88534,0.91922,0.89967,0.90554,0.9,0.8785,0.87459,0.86971,0.86124,0.8684,0.88599,0.88306,0.85863,0.8785,0.89088
23,0.94809,0.99021,0.99967,0.98955,0.98204,0.96148,0.97356,0.97519,0.96801,0.97943,0.94809,0.98759,0.96115,0.97911,0.96801,1,0.9729,0.98955,0.95495,0.97486,0.98498,0.95168,0.92981,0.95266,0.93177,0.90859,0.93764,0.9494,0.96376,0.93666,0.97747,0.94646,0.97062,0.94156,0.93993,0.93862,0.95168,0.93209,0.94254,0.93895,0.93503,0.89226,0.96637,0.90957,0.92328,0.90434,0.90042,0.90042,0.89357,0.90042,0.93666,0.9272,0.89194,0.90793,0.93601,0.92883,0.9569,0.89814,0.90402,0.88998,0.91381,0.93046,0.92393,0.87888,0.93895,0.91185,0.9125,0.90271,0.8952
24,0.6571,0.97063,0.97294,0.99736,0.97888,0.99472,0.97426,0.95347,0.97657,0.96535,0.98713,0.99043,1,0.95149,0.96568,0.95644,0.94356,0.98515,0.9538,0.94719,0.96106,0.94587,0.9297,0.9396,0.94686,0.95446,0.96997,0.95281,0.94191,0.97822,0.95248,0.94224,0.96403,0.93597,0.9571,0.92013,0.92838,0.94092,0.94554,0.93036,0.90396,0.93993,0.94653,0.91584,0.92178,0.9099,0.91815,0.91353,0.92508,0.9132,0.89142,0.91584,0.9363,0.90792,0.91683,0.88812,0.91617,0.90594,0.9099,0.8901,0.90693,0.91353,0.92079,0.88581,0.90594,0.9033,0.87459,0.89439,0.87822
25,0.99507,0.96518,0.95696,0.98127,0.96879,0.977,0.96025,1,0.94021,0.98325,0.94777,0.93561,0.95204,0.93988,0.94514,0.93035,0.9182,0.91721,0.97076,0.96386,0.94875,0.97832,0.92477,0.90375,0.8975,0.93331,0.93528,0.92247,0.93627,0.94711,0.93167,0.94842,0.93233,0.91097,0.91656,0.89915,0.90375,0.91163,0.90703,0.91459,0.90342,0.92707,0.90637,0.91097,0.9159,0.89356,0.90145,0.88765,0.86662,0.87484,0.88732,0.91032,0.8929,0.90013,0.8571,0.90933,0.85447,0.89783,0.8594,0.88108,0.88535,0.85972,0.88108,0.85677,0.90309,0.87943,0.85085,0.87911,0.84067
26,0.96709,0.95515,0.96805,1,0.94224,0.9545,0.9758,0.95224,0.95257,0.97257,0.94321,0.9374,0.96192,0.92159,0.93482,0.96644,0.9474,0.95321,0.9687,0.91352,0.9274,0.92869,0.93127,0.97193,0.93998,0.94805,0.94773,0.93837,0.9203,0.95547,0.92965,0.90674,0.93804,0.93288,0.9274,0.91255,0.93224,0.94514,0.92707,0.92933,0.8948,0.92546,0.92352,0.91223,0.91868,0.9161,0.90997,0.92675,0.92804,0.91513,0.9332,0.94708,0.92514,0.90319,0.91062,0.909,0.92288,0.94805,0.91804,0.90997,0.91255,0.88964,0.90223,0.93095,0.88609,0.92869,0.9061,0.91288,0.92611
27,1,0.97408,0.96727,0.95366,0.99255,0.96922,0.98056,0.97213,0.9488,0.96403,0.94556,0.93584,0.94945,0.97148,0.93487,0.9569,0.94297,0.9757,0.96338,0.95172,0.95787,0.90117,0.98639,0.93227,0.91316,0.91899,0.94913,0.93843,0.92191,0.92158,0.97861,0.94102,0.89987,0.92158,0.92677,0.93357,0.94977,0.9151,0.92774,0.92612,0.91542,0.94815,0.90279,0.91996,0.89371,0.94913,0.90635,0.907,0.89501,0.8976,0.90473,0.91121,0.92677,0.88983,0.92061,0.90084,0.88399,0.87589,0.88561,0.89112,0.87492,0.91802,0.90732,0.9057,0.90668,0.8976,0.91672,0.89922,0.91348
28,1,0.97402,0.97824,0.97434,0.97727,0.97174,0.95745,0.91686,0.95615,0.97174,0.9568,0.93894,0.93504,0.9305,0.95356,0.92303,0.94641,0.93634,0.92757,0.93504,0.91328,0.93342,0.93115,0.91523,0.93017,0.90614,0.92465,0.93147,0.91783,0.90841,0.90809,0.92433,0.90939,0.9279,0.90939,0.91166,0.91069,0.90906,0.87399,0.90711,0.88698,0.93602,0.90062,0.91686,0.89542,0.89412,0.92952,0.8873,0.87528,0.87236,0.88016,0.87463,0.86262,0.85515,0.88925,0.84248,0.8519,0.87236,0.86684,0.87691,0.86229,0.86392,0.85547,0.86489,0.83793,0.85677,0.86327,0.86489,0.84508
29,0.68032,0.99234,0.98202,0.97236,0.94672,0.98868,0.97303,0.98268,0.95804,1,1,0.97036,0.95871,0.96936,0.99467,0.99301,0.9637,0.9364,0.96503,0.95504,0.99967,0.94006,0.94039,0.92874,0.99101,0.97569,0.94505,0.92974,0.94739,0.94172,0.95871,0.94905,0.94938,0.91475,0.9304,0.94672,0.97003,0.95205,0.93706,0.93873,0.93407,0.93939,0.92075,0.91309,0.91542,0.90776,0.95038,0.92874,0.93373,0.91575,0.90443,0.92874,0.91142,0.86647,0.92341,0.90743,0.90343,0.87812,0.88844,0.86314,0.8648,0.89677,0.8991,0.8981,0.88911,0.87779,0.86946,0.88778,0.88878
30,0.94568,0.98667,0.96201,0.999,0.98434,0.96934,0.97634,0.96834,0.98101,1,0.97301,0.99667,0.96668,0.97867,0.987,0.98034,0.95168,0.96135,0.99867,0.99,0.94735,0.96701,0.93469,0.95135,0.95868,0.92702,0.97567,0.92736,0.96834,0.92702,0.97234,0.94302,0.95901,0.94002,0.94935,0.93869,0.92902,0.96768,0.94169,0.92003,0.93602,0.8947,0.88937,0.88904,0.90037,0.93869,0.91803,0.92536,0.87338,0.92502,0.94269,0.92469,0.89937,0.87304,0.9017,0.89837,0.90437,0.88304,0.90237,0.88037,0.84372,0.86105,0.90903,0.9027,0.87171,0.86938,0.86638,0.87204,0.87071
31,0.98266,0.9543,0.98933,0.97765,0.99333,0.97265,0.98165,0.91828,0.92395,0.93296,0.93129,0.91761,0.93829,0.93396,0.95163,0.96498,0.96298,0.91628,0.91428,0.92262,0.97131,0.94029,0.92462,0.94663,0.90627,0.90694,0.87959,0.92128,0.91461,0.89026,0.89693,0.88859,0.89493,0.89726,0.87725,0.89193,0.87058,0.87358,0.88759,0.86891,0.87425,0.88292,0.87859,0.86157,0.8439,0.86424,0.86358,0.85023,0.85824,0.83956,0.86724,0.8459,0.85357,0.87158,0.82722,0.85424,0.83889,0.81855,0.84656,0.83556,0.82688,0.80887,0.83422,0.79753,0.79453,0.81488,0.82588,0.81321,0.81521
32,0.65089,0.95398,0.96877,1,0.96318,0.93623,0.9954,0.99244,0.97041,0.97239,0.96943,0.95957,0.92735,0.95135,0.95135,0.93951,0.95168,0.9211,0.90697,0.93097,0.94017,0.93754,0.91124,0.9073,0.94412,0.93984,0.91157,0.89513,0.93228,0.89776,0.85832,0.92143,0.91157,0.91157,0.90631,0.89185,0.88593,0.87574,0.88264,0.89185,0.88955,0.83794,0.87541,0.85108,0.88067,0.86423,0.85043,0.85733,0.85141,0.85437,0.86917,0.84583,0.83794,0.82709,0.83103,0.85339,0.8307,0.83596,0.85602,0.84944,0.80703,0.83958,0.81229,0.81624,0.82347,0.79915,0.7952,0.79717,0.80112
33,0.98323,1,0.99079,0.96317,0.96777,0.9658,0.9806,0.95857,0.97073,0.95067,0.96021,0.9806,0.94804,0.94936,0.93029,0.95067,0.92141,0.90365,0.93456,0.92141,0.92568,0.93851,0.92634,0.93127,0.95594,0.88951,0.91253,0.92502,0.88721,0.90529,0.91549,0.878,0.87307,0.88491,0.87175,0.86912,0.89839,0.89707,0.91582,0.90036,0.9168,0.89543,0.89806,0.88918,0.85301,0.88524,0.87208,0.87636,0.85926,0.83065,0.87701,0.82835,0.8803,0.84446,0.82308,0.85301,0.84117,0.84577,0.84643,0.79809,0.8586,0.84906,0.84216,0.829,0.8438,0.84347,0.80862,0.81223,0.8096
34,0.99967,0.97097,1,0.98765,0.98065,0.95896,0.9693,0.97197,0.96063,0.94361,0.94895,0.98098,0.95329,0.97364,0.92226,0.95963,0.91558,0.93227,0.93861,0.93427,0.92359,0.9306,0.90924,0.89823,0.88622,0.89156,0.91725,0.91458,0.91225,0.91425,0.91124,0.88856,0.88522,0.87621,0.87354,0.85619,0.88689,0.89723,0.84618,0.81248,0.84117,0.85719,0.82883,0.81548,0.86086,0.83083,0.8335,0.85853,0.84818,0.82049,0.82516,0.83283,0.8295,0.80714,0.82316,0.81415,0.77845,0.80047,0.77978,0.79713,0.80614,0.81014,0.79112,0.79346,0.80314,0.83183,0.75976,0.78846,0.76243
35,0.96239,0.9794,0.95422,0.98757,0.96141,0.98528,1,0.93394,0.93591,0.96534,0.983,0.9516,0.95389,0.96239,0.95683,0.9588,0.96501,0.96337,0.93264,0.96076,0.94768,0.9467,0.93198,0.98169,0.95585,0.93002,0.96174,0.92446,0.9261,0.92675,0.92184,0.92871,0.90844,0.93983,0.89372,0.90419,0.90386,0.95029,0.93656,0.91269,0.95226,0.91857,0.90615,0.89928,0.91367,0.9068,0.91759,0.90974,0.89699,0.92838,0.89634,0.88195,0.8656,0.88326,0.85644,0.8983,0.88358,0.92217,0.91138,0.88522,0.85644,0.89732,0.88718,0.87639,0.86167,0.89797,0.90484,0.8826,0.85088
36,0.98041,0.98615,0.96486,1,0.95676,0.9902,0.98851,0.94291,0.96453,0.96216,0.97162,0.9375,0.95473,0.94392,0.94966,0.93953,0.93615,0.92466,0.9152,0.94223,0.93311,0.93345,0.94966,0.89122,0.88209,0.94324,0.90912,0.93041,0.89155,0.87534,0.88953,0.86757,0.87061,0.86824,0.85878,0.8848,0.86757,0.82939,0.85338,0.84426,0.84831,0.86689,0.84932,0.83682,0.80642,0.80709,0.83716,0.83108,0.82838,0.79493,0.82736,0.83615,0.81757,0.8152,0.81486,0.80236,0.82264,0.78514,0.78919,0.76149,0.78176,0.80203,0.79054,0.78885,0.76318,0.78885,0.77264,0.75709,0.73919
37,0.92346,0.97031,0.99406,0.9835,0.95843,0.98053,0.98449,1,0.93533,0.93599,0.93764,0.96206,0.90234,0.92478,0.8964,0.90762,0.92709,0.90333,0.9129,0.90366,0.88222,0.88486,0.92379,0.91752,0.87397,0.86473,0.85549,0.87562,0.86935,0.85153,0.87067,0.84494,0.85846,0.8479,0.84626,0.83405,0.82844,0.83174,0.82514,0.84131,0.81392,0.81326,0.83306,0.80831,0.79908,0.81128,0.77301,0.77664,0.78258,0.80271,0.77829,0.77697,0.82613,0.78093,0.78258,0.77136,0.77565,0.7453,0.76476,0.74959,0.76806,0.75058,0.78555,0.78357,0.75619,0.76971,0.71726,0.72979,0.71099
38,1,0.99162,0.97554,0.95779,0.96449,0.96114,0.95142,0.94238,0.96013,0.95812,0.9598,0.95645,0.94238,0.93065,0.89682,0.90084,0.90285,0.89112,0.9072,0.94204,0.87471,0.88811,0.8804,0.8737,0.85327,0.8804,0.8871,0.85896,0.87471,0.89514,0.85092,0.84288,0.84188,0.79933,0.83987,0.8124,0.84757,0.80369,0.85695,0.79564,0.84121,0.81809,0.82915,0.82144,0.8201,0.80804,0.79732,0.76884,0.75176,0.78861,0.78057,0.76851,0.76147,0.77454,0.77186,0.76918,0.74807,0.76918,0.75611,0.77018,0.7541,0.73065,0.75109,0.71256,0.70285,0.71156,0.71993,0.7139,0.71156
39,0.96691,0.9883,0.97259,0.97393,1,0.94285,0.93951,0.97092,0.95388,0.97894,0.96591,0.93984,0.92513,0.92279,0.87901,0.93148,0.92346,0.9248,0.91711,0.90475,0.83857,0.90341,0.85027,0.89071,0.90274,0.90207,0.8633,0.84726,0.8262,0.86464,0.84626,0.86798,0.85428,0.8232,0.82086,0.85963,0.83489,0.82821,0.8242,0.79111,0.81116,0.8242,0.82286,0.79178,0.79412,0.79144,0.79846,0.78309,0.81517,0.79545,0.78108,0.75769,0.77206,0.78108,0.77607,0.76905,0.77106,0.73496,0.74164,0.74164,0.7383,0.75635,0.73262,0.73229,0.71591,0.72493,0.72694,0.75668,0.72761
40,0.89698,1,0.96719,0.96358,0.93963,0.94652,0.95932,0.96982,0.96785,0.92618,0.92421,0.90157,0.93209,0.92192,0.92881,0.90486,0.91207,0.91076,0.89829,0.89797,0.93799,0.89961,0.88353,0.86811,0.89075,0.84843,0.87861,0.86188,0.88615,0.85696,0.875,0.88648,0.86319,0.85728,0.86713,0.87927,0.85925,0.86253,0.8399,0.84678,0.83268,0.83366,0.82283,0.83202,0.84318,0.80446,0.82743,0.81726,0.78609,0.79265,0.80545,0.77231,0.76247,0.79659,0.80873,0.81004,0.79298,0.75492,0.79068,0.78642,0.76772,0.76017,0.80971,0.75984,0.73622,0.7664,0.74213,0.77461,0.76706
41,0.054116,0.26009,0.66022,0.97015,1,0.9308,0.95671,0.95441,0.95343,0.92719,0.9344,0.94195,0.9285,0.93112,0.92883,0.92325,0.91407,0.88685,0.90423,0.91505,0.87176,0.88226,0.8757,0.8757,0.90882,0.85307,0.85995,0.84126,0.87078,0.86553,0.83372,0.8511,0.8488,0.84782,0.81601,0.83732,0.82716,0.80223,0.80617,0.80584,0.81371,0.81666,0.8101,0.7632,0.80945,0.78747,0.75927,0.75763,0.76845,0.79895,0.77829,0.75992,0.76779,0.74975,0.74647,0.76582,0.74155,0.75271,0.75402,0.75664,0.73401,0.7468,0.72483,0.71892,0.72188,0.7327,0.73565,0.67038,0.70121
42,0.99098,1,0.97094,0.95357,0.94556,0.92852,0.92953,0.94489,0.92752,0.94055,0.91149,0.88611,0.89546,0.87174,0.8831,0.86607,0.87442,0.85037,0.87776,0.82832,0.81764,0.8674,0.833,0.79826,0.81697,0.78991,0.78958,0.80227,0.81463,0.7849,0.78056,0.77555,0.7662,0.78257,0.75284,0.76553,0.7485,0.74248,0.72545,0.71743,0.70675,0.70708,0.6994,0.68838,0.69172,0.71176,0.68904,0.69339,0.69405,0.7024,0.70842,0.68771,0.67101,0.67769,0.69138,0.64095,0.63527,0.65999,0.63293,0.64095,0.61222,0.62759,0.61824,0.62725,0.59018,0.58651,0.59886,0.62224,0.60755
43,0.97206,0.98433,0.96388,0.97138,0.94753,0.96525,0.95877,0.93254,0.95775,0.89915,0.9322,0.91891,0.89642,0.90767,0.9029,0.90869,0.87939,0.89233,0.88177,0.85043,0.85349,0.86371,0.85792,0.86371,0.8569,0.80375,0.84361,0.81227,0.83032,0.78024,0.77683,0.78842,0.77411,0.80341,0.75332,0.75332,0.75843,0.75877,0.72368,0.74412,0.73254,0.754,0.73152,0.71244,0.7138,0.6971,0.72777,0.70971,0.6678,0.67973,0.67257,0.65486,0.67291,0.65486,0.66814,0.65349,0.63203,0.63135,0.63578,0.62624,0.64157,0.6552,0.63543,0.61363,0.60681,0.61874,0.61295,0.60307,0.6017
44,0.97621,1,0.97961,0.96771,0.98368,0.97417,0.93712,0.91298,0.91842,0.91094,0.93168,0.92284,0.914,0.89701,0.88137,0.86438,0.84874,0.87152,0.83515,0.82835,0.84738,0.84296,0.83617,0.80999,0.81747,0.81543,0.80286,0.81781,0.75527,0.78824,0.7794,0.76547,0.76547,0.78348,0.74813,0.73691,0.73215,0.72502,0.72706,0.72026,0.72298,0.7138,0.72094,0.70462,0.71176,0.6968,0.69477,0.66689,0.67233,0.66587,0.68797,0.6329,0.66859,0.66757,0.64004,0.64922,0.63698,0.65738,0.61829,0.63562,0.61353,0.60231,0.58804,0.62033,0.58736,0.57138,0.57852,0.57988,0.56696
45,1,0.98194,0.93763,0.9349,0.95706,0.91172,0.94308,0.87866,0.90354,0.894,0.87491,0.89536,0.86708,0.89366,0.87151,0.86878,0.84731,0.82618,0.84765,0.83061,0.84901,0.79652,0.79414,0.82243,0.7863,0.79005,0.7713,0.77607,0.74472,0.76823,0.74029,0.74029,0.72529,0.73381,0.73108,0.71541,0.7229,0.69905,0.70825,0.71132,0.67928,0.67689,0.68712,0.67587,0.69598,0.65746,0.6636,0.6394,0.66769,0.63906,0.62134,0.60395,0.60736,0.63667,0.59918,0.57396,0.61997,0.57328,0.60975,0.58419,0.57021,0.5593,0.58521,0.55351,0.56476,0.57396,0.55215,0.53715,0.53374
46,1,0.95593,0.96895,0.97496,0.93322,0.94791,0.95893,0.90584,0.9172,0.90083,0.89783,0.89482,0.8414,0.8591,0.85576,0.85209,0.83907,0.85643,0.82304,0.84875,0.83272,0.80033,0.7803,0.78431,0.79599,0.7783,0.80301,0.7616,0.76895,0.77028,0.75426,0.73923,0.73489,0.73856,0.73756,0.70451,0.70484,0.70117,0.67947,0.68915,0.70651,0.70885,0.64808,0.65242,0.63506,0.62738,0.67179,0.62237,0.62371,0.64508,0.601,0.61068,0.61202,0.59866,0.60735,0.60634,0.57462,0.59232,0.57629,0.57963,0.58197,0.56327,0.55326,0.54491,0.57262,0.53957,0.55292,0.52721,0.52855
47,0.99107,0.97322,1,0.977,0.97013,0.94748,0.91486,0.91864,0.91795,0.94473,0.91383,0.88912,0.91727,0.88191,0.86028,0.87195,0.89804,0.82973,0.84243,0.80879,0.83797,0.81806,0.8033,0.8184,0.77068,0.75043,0.81222,0.76794,0.77446,0.76656,0.7827,0.78167,0.73223,0.74528,0.7367,0.7161,0.7058,0.72159,0.70717,0.67662,0.69722,0.67594,0.6701,0.65431,0.65534,0.66152,0.6598,0.66907,0.6622,0.61449,0.62959,0.6059,0.58805,0.60453,0.59629,0.59595,0.58428,0.59732,0.61346,0.55716,0.57947,0.5702,0.53725,0.55304,0.56059,0.55338,0.53828,0.55029,0.52146
48,1,0.95017,0.98013,0.9404,0.98148,0.9697,0.92424,0.91582,0.9,0.92828,0.92323,0.8771,0.88081,0.86431,0.8266,0.83502,0.85623,0.83973,0.84007,0.8404,0.79764,0.76263,0.80269,0.79899,0.7835,0.78114,0.74882,0.7596,0.74276,0.77138,0.74343,0.71987,0.73805,0.71448,0.74074,0.71953,0.68923,0.70236,0.67273,0.6798,0.66162,0.67542,0.66465,0.6303,0.63434,0.62761,0.61987,0.62492,0.62828,0.61279,0.58552,0.59259,0.6101,0.59663,0.58451,0.58586,0.58485,0.56734,0.56162,0.55118,0.5633,0.5596,0.53704,0.54646,0.53939,0.54747,0.5229,0.52155,0.52323
49,0.94966,1,0.91745,0.96644,0.93423,0.94161,0.90805,0.91376,0.91141,0.90872,0.92987,0.88826,0.87181,0.86577,0.85168,0.85302,0.85134,0.84161,0.80705,0.82584,0.80168,0.78523,0.78792,0.78758,0.74765,0.7698,0.7557,0.78154,0.72919,0.70738,0.70906,0.73591,0.72517,0.69597,0.6698,0.70839,0.67919,0.6953,0.67114,0.65537,0.65201,0.68121,0.66309,0.65403,0.64597,0.60403,0.63557,0.61376,0.60503,0.61711,0.59933,0.59832,0.57685,0.59765,0.60268,0.5755,0.5594,0.55839,0.54362,0.57181,0.52886,0.5443,0.53993,0.49698,0.52282,0.4953,0.51544,0.50705,0.52517
50,0.98213,0.97285,0.9811,0.93746,0.93024,0.91821,0.93024,0.89863,0.88935,0.88935,0.9,0.87285,0.85567,0.83883,0.86254,0.83849,0.81271,0.80378,0.80481,0.79656,0.79381,0.79863,0.75464,0.79863,0.78247,0.7378,0.7457,0.75636,0.75773,0.72646,0.7268,0.74364,0.70653,0.70344,0.70412,0.66838,0.66323,0.66735,0.65223,0.65567,0.66048,0.61271,0.65464,0.63746,0.62371,0.64227,0.62887,0.61203,0.58247,0.58866,0.60069,0.58179,0.56976,0.59863,0.56701,0.55808,0.55601,0.56632,0.55876,0.51581,0.5567,0.56048,0.50997,0.52509,0.52852,0.51409,0.51443,0.51168,0.49691
51,0.96595,0.96936,1,0.9697,0.9697,0.95506,0.92986,0.95233,0.91045,0.90364,0.89445,0.8856,0.85768,0.87879,0.85836,0.87164,0.87743,0.83316,0.83418,0.83418,0.81137,0.80695,0.77698,0.79639,0.73408,0.80763,0.73408,0.75996,0.74702,0.73034,0.75315,0.72761,0.71638,0.71467,0.70548,0.70412,0.71025,0.68437,0.67586,0.6619,0.66394,0.68199,0.64419,0.62853,0.63126,0.61117,0.61968,0.61491,0.63296,0.60708,0.59278,0.61866,0.58325,0.57371,0.56554,0.56861,0.55329,0.59006,0.57814,0.54239,0.52945,0.5635,0.54409,0.53592,0.53388,0.52571,0.51379,0.51549,0.51549
52,1,0.9753,0.97091,0.95535,0.90697,0.94418,0.94689,0.90122,0.89614,0.88363,0.88532,0.8887,0.88532,0.84777,0.8684,0.8092,0.86806,0.8207,0.81191,0.81055,0.81563,0.78924,0.79432,0.79601,0.75203,0.75101,0.75,0.76353,0.74662,0.71854,0.73714,0.73004,0.68539,0.71854,0.72124,0.68708,0.67456,0.66543,0.69824,0.6634,0.64817,0.64953,0.62314,0.64885,0.59878,0.5998,0.6316,0.61502,0.61705,0.61333,0.5998,0.59912,0.58153,0.58051,0.56529,0.57003,0.5751,0.56394,0.55007,0.54229,0.52943,0.52909,0.54668,0.52537,0.49256,0.51793,0.52537,0.50135,0.50068
53,0.65507,0.95258,1,0.99829,0.95803,0.94302,0.95531,0.90447,0.95258,0.96042,0.92153,0.90276,0.88263,0.88195,0.8625,0.87581,0.86455,0.8666,0.85534,0.85193,0.81883,0.83453,0.7912,0.82156,0.80007,0.79324,0.77823,0.75981,0.80587,0.76493,0.77482,0.75367,0.72398,0.75537,0.7158,0.74753,0.69806,0.69157,0.71068,0.69498,0.67076,0.68884,0.67656,0.67349,0.67895,0.65814,0.67076,0.63391,0.64688,0.61822,0.59127,0.60457,0.62334,0.59672,0.59297,0.5841,0.58888,0.58581,0.57421,0.5609,0.58581,0.56227,0.55237,0.5609,0.56227,0.5493,0.53872,0.52917,0.50461
54,0.65082,0.94701,0.9949,1,0.97826,0.96162,0.93784,0.94599,0.96264,0.90727,0.94531,0.93614,0.89844,0.90761,0.86787,0.88655,0.85428,0.85054,0.82439,0.84715,0.86107,0.82235,0.82133,0.82065,0.81182,0.77989,0.79042,0.81012,0.77887,0.77683,0.73675,0.75034,0.71603,0.75136,0.73064,0.71671,0.71875,0.69565,0.7123,0.67391,0.69633,0.68308,0.70041,0.6695,0.67527,0.65285,0.64946,0.61753,0.65693,0.61685,0.62126,0.59715,0.61685,0.57846,0.61549,0.5642,0.58594,0.61821,0.57711,0.57031,0.58594,0.55469,0.57167,0.5462,0.54552,0.55027,0.5214,0.55435,0.52751
55,0.98429,1,0.98703,0.98327,0.97815,0.9522,0.98191,0.94094,0.92352,0.9085,0.90031,0.87129,0.92352,0.91465,0.89587,0.89962,0.85046,0.88221,0.85422,0.87504,0.84534,0.80881,0.82963,0.80881,0.82212,0.76545,0.83954,0.75009,0.79447,0.74531,0.76579,0.75555,0.74087,0.74394,0.72789,0.72346,0.7057,0.71765,0.69648,0.67293,0.71663,0.67429,0.70365,0.69307,0.65415,0.67156,0.65756,0.648,0.63264,0.63708,0.61864,0.62854,0.62171,0.62786,0.63298,0.60601,0.60294,0.61454,0.5804,0.58416,0.57392,0.57972,0.55207,0.56675,0.56743,0.57392,0.57562,0.54933,0.53909
56,0.9983,0.97181,0.95041,0.9409,0.93818,0.95516,0.94022,0.90319,0.90557,0.87874,0.88519,0.90489,0.87976,0.90863,0.87092,0.82982,0.84715,0.84986,0.83152,0.85258,0.83322,0.78635,0.81692,0.7714,0.79586,0.78567,0.79246,0.78804,0.77921,0.75068,0.74626,0.75645,0.73336,0.72724,0.76596,0.71603,0.7337,0.68444,0.67561,0.68139,0.68954,0.68546,0.69463,0.66101,0.68478,0.65048,0.64164,0.62432,0.6481,0.64029,0.63451,0.63621,0.63485,0.60156,0.61719,0.61719,0.57371,0.59918,0.55808,0.59375,0.5805,0.54008,0.56284,0.56624,0.55571,0.53668,0.53295,0.53499,0.518
57,1,0.97243,0.96247,0.94952,0.94819,0.94188,0.92262,0.88376,0.89007,0.90369,0.87047,0.90966,0.85254,0.87811,0.86383,0.84822,0.85952,0.83959,0.80903,0.81833,0.81235,0.82398,0.78114,0.77914,0.78213,0.78645,0.78213,0.73065,0.76121,0.73165,0.75058,0.7539,0.74427,0.75058,0.74394,0.6991,0.7001,0.70774,0.70873,0.69545,0.68349,0.69047,0.67287,0.6722,0.70409,0.6639,0.67287,0.63733,0.66224,0.66423,0.63202,0.63036,0.61807,0.61109,0.61607,0.59316,0.61142,0.60777,0.61807,0.57556,0.60678,0.54467,0.55463,0.57356,0.58054,0.57091,0.55098,0.53603,0.54168
58,0.98551,0.98447,0.99655,0.98482,0.99862,1,0.97861,0.99793,0.97239,0.97101,0.9472,0.91028,0.93927,0.92581,0.90752,0.88889,0.89855,0.91097,0.8637,0.84472,0.87026,0.8599,0.86197,0.85369,0.82747,0.83161,0.81573,0.8392,0.82988,0.79952,0.79745,0.79814,0.78986,0.79365,0.75673,0.77295,0.78157,0.76398,0.75466,0.74051,0.73154,0.71567,0.72602,0.71256,0.70359,0.73637,0.68599,0.68116,0.70324,0.64976,0.66805,0.67978,0.65459,0.67288,0.66874,0.65114,0.63665,0.64217,0.6087,0.62353,0.61008,0.63768,0.6118,0.60973,0.61732,0.5842,0.58937,0.60248,0.58523
59,0.95093,0.94629,0.94761,0.9569,0.91479,0.92341,0.92109,0.90517,0.89755,0.90584,0.90385,0.89125,0.89622,0.86041,0.87467,0.87003,0.88031,0.83952,0.81499,0.83521,0.81764,0.78282,0.80239,0.8067,0.80902,0.7994,0.78912,0.76459,0.75033,0.76227,0.72281,0.7563,0.76227,0.7258,0.75431,0.72182,0.71651,0.69794,0.72646,0.72182,0.70159,0.67374,0.68004,0.69662,0.68999,0.66412,0.67672,0.69794,0.66678,0.6366,0.65119,0.64954,0.64589,0.63694,0.62301,0.62401,0.62168,0.61605,0.58256,0.62268,0.60743,0.5998,0.59284,0.57858,0.59947,0.56167,0.59151,0.57162,0.57162
60,0.99665,0.99129,0.96952,0.95881,0.94273,0.93804,0.92599,0.95211,0.91494,0.92197,0.91728,0.87341,0.89216,0.88614,0.91829,0.88245,0.87475,0.84662,0.86638,0.84159,0.83255,0.82887,0.86671,0.80342,0.81681,0.81849,0.82016,0.80676,0.76792,0.81815,0.79236,0.77964,0.74548,0.785,0.75218,0.71902,0.77261,0.7562,0.74046,0.7428,0.7505,0.71098,0.72806,0.69357,0.69926,0.68888,0.68185,0.66912,0.68955,0.67348,0.68352,0.64769,0.66912,0.65606,0.62927,0.65472,0.64133,0.6574,0.65271,0.64066,0.61688,0.66678,0.61386,0.6353,0.61855,0.62157,0.6142,0.60047,0.6152
61,0.5997,0.96064,0.96955,1,0.98886,0.96881,0.9974,0.97921,0.96287,0.92239,0.95136,0.96695,0.93539,0.91459,0.92091,0.93353,0.93724,0.91088,0.89491,0.899,0.89566,0.8834,0.9016,0.90717,0.87672,0.83067,0.87152,0.83958,0.84998,0.84404,0.8173,0.83439,0.83179,0.83513,0.80134,0.79242,0.76903,0.79428,0.7876,0.76495,0.77646,0.7642,0.77497,0.75381,0.73227,0.75863,0.74378,0.75789,0.74861,0.73115,0.71185,0.70739,0.70516,0.72261,0.71779,0.67508,0.70887,0.67211,0.66914,0.69476,0.64649,0.69885,0.65949,0.65169,0.67508,0.65689,0.66729,0.6554,0.6684
62,0.94161,1,0.95687,0.96981,0.97313,0.97246,0.97711,0.97379,0.96052,0.93762,0.9635,0.95156,0.92999,0.93431,0.94061,0.96616,0.9081,0.88553,0.9363,0.9207,0.89847,0.89482,0.89582,0.90113,0.89615,0.8643,0.88653,0.9061,0.86231,0.87591,0.87724,0.89018,0.85999,0.83942,0.86397,0.83743,0.8789,0.81984,0.83709,0.8351,0.81752,0.81885,0.83842,0.84207,0.82449,0.80325,0.83212,0.83344,0.8069,0.80159,0.80126,0.8069,0.81752,0.80723,0.79098,0.78699,0.83344,0.78534,0.75547,0.78368,0.77206,0.79628,0.7996,0.77936,0.77505,0.77306,0.73391,0.75149,0.77206
63,0.047492,0.23512,0.66455,0.93712,0.98161,0.96789,0.98896,1,0.97224,0.96656,0.97291,0.96187,0.94783,0.94682,0.93411,0.92642,0.9408,0.92575,0.92676,0.91605,0.91237,0.90836,0.87291,0.88729,0.90334,0.84983,0.90067,0.86087,0.87358,0.84247,0.88696,0.85017,0.86421,0.87291,0.86756,0.84147,0.84415,0.86522,0.81973,0.8291,0.81839,0.81171,0.79431,0.78261,0.8214,0.80836,0.80033,0.80033,0.79398,0.82375,0.76722,0.76689,0.80803,0.74214,0.76355,0.73846,0.74682,0.7699,0.7495,0.7806,0.74114,0.7301,0.76388,0.73144,0.74114,0.72274,0.72441,0.73278,0.7214
64,0.22505,0.61872,0.91096,0.98467,0.98532,0.98956,0.97065,0.98206,0.97945,0.97717,0.95336,1,0.94814,0.95205,0.95956,0.9364,0.94325,0.93379,0.94618,0.95238,0.93542,0.93836,0.93966,0.92433,0.9227,0.93673,0.9439,0.94553,0.90868,0.92825,0.91716,0.93379,0.9152,0.93607,0.91585,0.94586,0.91324,0.92335,0.91585,0.90868,0.91292,0.94716,0.93509,0.91911,0.9165,0.9077,0.89726,0.90052,0.91161,0.91129,0.93346,0.87573,0.91618,0.90574,0.92335,0.89335,0.87704,0.9002,0.88715,0.88682,0.88878,0.88063,0.87182,0.88552,0.89302,0.894,0.88356,0.88389,0.88617
65,0.57401,0.92105,1,0.99605,0.97796,0.97007,0.98388,0.99013,0.98454,0.9352,0.925,0.96809,0.96382,0.98026,0.98388,0.9727,0.99276,0.95625,0.95395,0.96842,0.94408,0.93849,0.975,0.95526,0.95,0.98224,0.96941,0.91447,0.97204,0.91382,0.96743,0.96217,0.94737,0.94342,0.98322,0.94737,0.93191,0.95263,0.93059,0.91184,0.94243,0.93816,0.93388,0.94441,0.93059,0.92171,0.93059,0.91283,0.92829,0.92039,0.96086,0.92961,0.91316,0.93322,0.89539,0.91875,0.88158,0.93026,0.91645,0.93059,0.92434,0.91447,0.94375,0.88487,0.92928,0.91678,0.90066,0.88092,0.92303
66,1,0.96426,0.96787,0.98623,0.9459,0.95836,0.95574,0.93541,0.96262,0.91639,0.89967,0.92098,0.8918,0.90951,0.93967,0.90066,0.9377,0.9423,0.91344,0.90852,0.91016,0.89934,0.90721,0.85803,0.90197,0.90361,0.87607,0.86361,0.88164,0.9,0.86754,0.86787,0.89016,0.85082,0.83869,0.8682,0.82984,0.85049,0.84098,0.85049,0.84492,0.85836,0.84131,0.85148,0.83738,0.81639,0.84164,0.84754,0.81016,0.8623,0.79311,0.83279,0.82623,0.80557,0.81869,0.80164,0.78164,0.79246,0.81377,0.80164,0.84393,0.81115,0.79311,0.76984,0.76852,0.75115,0.80557,0.79377,0.81344
67,0.056864,0.25606,0.61608,0.87954,0.99596,0.99832,0.98015,0.99125,1,0.99664,0.98688,0.94919,0.94078,0.93035,0.97376,0.95323,0.94179,0.9354,0.93943,0.92093,0.93237,0.94145,0.92295,0.9576,0.90074,0.92328,0.91218,0.9031,0.87483,0.91285,0.9004,0.8755,0.89199,0.85801,0.87988,0.86608,0.85397,0.86003,0.85599,0.85532,0.8533,0.85195,0.84926,0.85498,0.8681,0.83546,0.84623,0.80619,0.82705,0.8607,0.82907,0.78398,0.8035,0.80754,0.82503,0.78937,0.77692,0.78331,0.80249,0.79913,0.81629,0.77961,0.79139,0.77793,0.74327,0.77052,0.78365,0.75707,0.77995
68,1,0.98488,0.95268,0.98587,0.96024,0.94315,0.95761,0.95531,0.97141,0.96845,0.91949,0.93756,0.92343,0.93066,0.95728,0.92244,0.89484,0.90634,0.92376,0.91817,0.92803,0.88104,0.89846,0.89188,0.89813,0.91489,0.90996,0.86264,0.86691,0.87742,0.85968,0.86296,0.8485,0.89221,0.85968,0.86461,0.85803,0.87677,0.87512,0.86296,0.87348,0.83536,0.87249,0.8485,0.82714,0.83437,0.82156,0.85015,0.85081,0.84489,0.84292,0.7864,0.78409,0.81696,0.81071,0.81499,0.81334,0.78574,0.8094,0.82977,0.78771,0.80184,0.79823,0.79954,0.8071,0.77194,0.76273,0.7956,0.77325
69,0.96798,0.99538,0.9409,0.95741,0.94553,0.99439,0.94289,0.96104,0.96798,0.95279,0.92572,0.98977,0.93562,0.91978,0.96798,0.9518,0.91945,0.91119,0.91647,0.91548,0.94388,0.91978,0.89964,0.90591,0.92671,0.90525,0.92209,0.90624,0.90492,0.92605,0.89138,0.90162,0.91449,0.89435,0.9003,0.86266,0.90657,0.91614,0.88379,0.87422,0.89006,0.87884,0.89303,0.87025,0.87323,0.86761,0.90228,0.84714,0.87719,0.84219,0.87653,0.85672,0.84153,0.82238,0.83493,0.88973,0.85507,0.8412,0.88643,0.81974,0.82238,0.83229,0.81413,0.78442,0.82205,0.83988,0.81908,0.8072,0.80753
70,0.88542,0.97308,0.97833,1,0.98457,0.92613,0.97538,0.97406,0.95863,0.94189,0.98424,0.97374,0.95043,0.9652,0.97833,0.95108,0.98621,0.93007,0.97768,0.93565,0.94846,0.93631,0.91464,0.94747,0.92974,0.89626,0.94156,0.92548,0.91399,0.89035,0.91333,0.91169,0.88444,0.90184,0.93007,0.94025,0.92154,0.92186,0.93467,0.89002,0.89035,0.92252,0.85817,0.88148,0.8736,0.89462,0.86934,0.89068,0.90151,0.87919,0.86573,0.88411,0.88148,0.88542,0.87656,0.87951,0.85686,0.88313,0.87951,0.82534,0.83224,0.90578,0.85062,0.85588,0.8828,0.84668,0.87196,0.86343,0.84997
71,0.97383,0.99564,0.98423,1,0.95975,0.96176,0.96612,0.96444,0.99363,0.97048,0.95706,0.94498,0.97082,0.97048,0.93157,0.96813,0.98222,0.94163,0.9319,0.92955,0.92553,0.93828,0.94029,0.95606,0.9262,0.90708,0.89098,0.91312,0.94767,0.90507,0.86917,0.91848,0.89232,0.90641,0.89701,0.89098,0.89567,0.91815,0.87756,0.90205,0.88158,0.87722,0.89668,0.89299,0.85005,0.83697,0.84233,0.88158,0.86582,0.83999,0.86112,0.87957,0.8628,0.88259,0.86179,0.83563,0.85877,0.8363,0.84737,0.81416,0.84099,0.83831,0.84032,0.85273,0.83093,0.80007,0.82757,0.81516,0.81751
72,0.05622,0.22746,0.56704,0.87722,0.97609,0.95153,0.94152,0.94701,1,0.94927,0.98288,0.94701,0.97027,0.96607,0.96737,0.95412,0.95994,0.92278,0.93861,0.92956,0.92859,0.92601,0.92342,0.90727,0.9189,0.94604,0.91276,0.92149,0.92763,0.90501,0.88982,0.92924,0.91761,0.9315,0.90824,0.90565,0.93506,0.88627,0.9483,0.90404,0.90081,0.8811,0.86559,0.91793,0.89176,0.87431,0.85719,0.87237,0.88013,0.87819,0.86721,0.89144,0.88045,0.89273,0.91309,0.87334,0.86947,0.85105,0.88433,0.86462,0.8811,0.87237,0.86656,0.863,0.87528,0.85816,0.85008,0.8433,0.84976
73,0.95724,0.97368,1,0.98947,0.95164,0.94967,0.95855,0.97072,0.99112,0.97368,0.94178,0.9477,0.96579,0.93651,0.96743,0.93289,0.92467,0.97632,0.94868,0.98684,0.94309,0.98125,0.96283,0.93816,0.94309,0.95329,0.94309,0.9523,0.97533,0.97664,0.94836,0.9398,0.94079,0.91316,0.9352,0.91743,0.92697,0.93487,0.93914,0.90461,0.92204,0.90526,0.90428,0.92105,0.90066,0.92171,0.90461,0.9148,0.92039,0.8875,0.91612,0.87632,0.90691,0.94605,0.90888,0.90066,0.88553,0.85526,0.89309,0.8727,0.86711,0.89671,0.87928,0.87796,0.91546,0.86316,0.89704,0.87401,0.85724
74,0.67606,0.98408,0.97878,0.99436,0.96618,0.98541,0.96585,0.97414,0.96618,0.96585,0.97049,0.98342,0.96552,0.94828,1,0.97447,0.95723,0.95524,0.94861,0.95325,0.93534,0.92374,0.9506,0.96286,0.97215,0.92407,0.93103,0.90517,0.92407,0.94098,0.88428,0.93037,0.93037,0.91844,0.93468,0.91114,0.88992,0.92838,0.89324,0.88395,0.89788,0.91214,0.9055,0.86704,0.89655,0.84881,0.87997,0.90584,0.90517,0.86704,0.87964,0.87102,0.88064,0.89357,0.87102,0.84814,0.86373,0.8571,0.87401,0.83024,0.87003,0.85577,0.82958,0.8624,0.85013,0.83654,0.84516,0.83985,0.85544
75,0.98389,0.97483,0.98758,1,0.97013,0.98893,0.98792,0.99866,0.98255,0.98993,0.97215,0.96913,0.98557,0.97584,0.96443,0.96074,0.93624,0.9443,0.96745,0.93758,0.93154,0.91779,0.93826,0.94832,0.96007,0.93054,0.95302,0.92517,0.93658,0.94295,0.91946,0.97047,0.91779,0.91074,0.96409,0.90436,0.93792,0.91913,0.93121,0.88389,0.92819,0.90705,0.92148,0.90034,0.90973,0.90738,0.87617,0.87685,0.90268,0.91242,0.8953,0.86007,0.87181,0.87013,0.82148,0.9057,0.85537,0.84396,0.88154,0.86007,0.84966,0.81544,0.85436,0.83792,0.83356,0.83121,0.83255,0.87416,0.85738
76,0.95329,0.98849,0.98914,0.96086,0.99967,0.97796,0.96151,1,0.94474,0.96217,0.94836,0.98849,0.97368,0.93947,0.94704,0.93224,0.98586,0.93618,0.95428,0.94934,0.95855,0.95395,0.94901,0.94967,0.89934,0.91842,0.91711,0.90296,0.91875,0.90395,0.91546,0.89539,0.90724,0.93914,0.94704,0.93224,0.93783,0.94013,0.8875,0.91283,0.91316,0.89342,0.90033,0.91513,0.89638,0.87928,0.88421,0.83191,0.88092,0.88947,0.91414,0.85625,0.86382,0.87862,0.87829,0.87895,0.87237,0.88289,0.85493,0.86842,0.88849,0.87204,0.86809,0.825,0.84638,0.86875,0.85099,0.86842,0.83125
77,0.90677,0.96533,1,0.96598,0.98822,0.97383,0.96565,0.98168,0.97056,0.98266,0.98397,0.98266,0.96369,0.98561,0.93981,0.965,0.9493,0.92869,0.95126,0.8963,0.94897,0.92378,0.95061,0.93,0.92836,0.95976,0.93229,0.91495,0.94079,0.95486,0.92444,0.91626,0.90743,0.895,0.89696,0.90056,0.91331,0.91168,0.90939,0.92084,0.87406,0.90252,0.88616,0.90612,0.89663,0.91593,0.88682,0.91168,0.88747,0.87373,0.88976,0.8999,0.90121,0.8721,0.90972,0.84953,0.86621,0.86097,0.88027,0.84233,0.87962,0.88322,0.85182,0.87144,0.88682,0.85868,0.8528,0.87668,0.83611
78,0.97475,0.96113,0.9794,0.99535,0.99103,0.9804,0.9804,0.99236,0.9598,0.96279,0.96811,0.96113,0.95814,0.92924,0.96113,0.97542,0.96811,0.94352,0.94983,0.94817,0.96977,0.94618,0.95581,0.94817,0.9804,0.94884,0.91595,0.89169,0.92558,0.9505,0.9608,0.9515,0.93721,0.91495,0.93322,0.93654,0.94053,0.92425,0.92193,0.92159,0.90332,0.90897,0.89568,0.91728,0.9186,0.91761,0.89801,0.88339,0.90166,0.91894,0.92392,0.90764,0.88339,0.89302,0.87575,0.90299,0.87741,0.88339,0.89535,0.87774,0.91495,0.86777,0.88671,0.87209,0.89867,0.85548,0.89934,0.86744,0.87907
79,0.94858,1,0.94251,0.98722,0.91377,0.96391,0.93548,0.95081,0.9457,0.96263,0.95209,0.94315,0.92399,0.94475,0.92942,0.92494,0.93165,0.9176,0.93453,0.93708,0.91249,0.92015,0.91792,0.92335,0.91025,0.91408,0.91313,0.89428,0.92367,0.88598,0.91185,0.92303,0.93197,0.90067,0.89173,0.92047,0.90386,0.92303,0.92239,0.90259,0.90929,0.88853,0.91728,0.88055,0.88821,0.88726,0.89269,0.89013,0.87288,0.89301,0.89077,0.91888,0.85851,0.8764,0.90418,0.89141,0.84957,0.87161,0.86777,0.87927,0.86777,0.85819,0.86873,0.87193,0.86458,0.88566,0.84254,0.85468,0.87256
80,0.99802,0.97525,0.98548,0.97921,0.94851,0.98812,0.98218,0.97459,0.96799,0.96007,0.96601,0.94224,0.93168,0.94158,1,0.93795,0.9604,0.93168,0.94389,0.97525,0.95578,0.91749,0.94224,0.96832,0.9264,0.92574,0.93894,0.93729,0.933,0.94752,0.91947,0.95215,0.9165,0.90759,0.90363,0.94455,0.90165,0.91452,0.89208,0.92079,0.90066,0.89274,0.91386,0.92739,0.88185,0.93135,0.88284,0.9099,0.89538,0.89175,0.90363,0.86898,0.86997,0.88977,0.89439,0.89571,0.90924,0.85479,0.89241,0.87624,0.8462,0.87987,0.84884,0.86964,0.87294,0.85743,0.86766,0.86403,0.88779
81,0.24351,0.65635,0.92415,1,0.98137,0.97073,0.99401,0.99667,0.98071,0.99401,0.98603,0.94777,0.97505,0.97572,0.98769,0.97006,0.9654,0.97272,0.98969,0.97073,0.97671,0.97904,0.98104,0.96673,0.95343,0.93979,0.93812,0.94744,0.97139,0.96773,0.93646,0.94178,0.94045,0.95243,0.95176,0.91351,0.95276,0.93147,0.9348,0.95276,0.94677,0.93047,0.94777,0.93513,0.91517,0.92382,0.91517,0.89721,0.92881,0.90719,0.90619,0.90552,0.94278,0.92947,0.91417,0.92016,0.91883,0.88589,0.90452,0.92648,0.91916,0.92515,0.89987,0.86527,0.90353,0.87325,0.89521,0.89554,0.88689
82,0.62585,0.91124,0.93359,0.95141,0.99287,0.96696,0.97765,1,0.95497,0.93521,0.94947,0.94785,0.97538,0.98186,0.92938,0.96307,0.95335,0.95109,0.93716,0.95821,0.92323,0.93813,0.93618,0.94169,0.95659,0.9323,0.95594,0.94104,0.95432,0.94947,0.954,0.95951,0.96501,0.94234,0.93878,0.92582,0.93489,0.94331,0.94072,0.9093,0.94428,0.91966,0.94979,0.94655,0.93359,0.91642,0.92711,0.92387,0.93197,0.89083,0.93813,0.94234,0.91448,0.93035,0.94623,0.93132,0.95109,0.89861,0.92582,0.92485,0.92647,0.94493,0.91934,0.91966,0.9229,0.92614,0.90865,0.90476,0.92744
83,0.95926,0.99371,1,0.98013,0.99603,0.99304,0.9788,0.98013,0.98841,0.99271,0.99304,0.95296,0.95694,0.99967,0.96853,0.97615,0.95926,0.97151,0.94237,0.95164,0.97284,0.98476,0.96522,0.99801,0.96953,0.95528,0.96191,0.96522,0.98112,0.94402,0.9639,0.95926,0.95528,0.94932,0.93773,0.94369,0.92779,0.94568,0.98576,0.94336,0.97151,0.99702,0.96456,0.98311,0.9268,0.90262,0.96423,0.9692,0.9639,0.92282,0.93508,0.94667,0.92978,0.94369,0.9639,0.92978,0.94005,0.94203,0.93905,0.94104,0.96356,0.97118,0.92945,0.93541,0.90229,0.93839,0.91818,0.91156,0.9311
84,1,0.92859,0.97362,0.96044,0.91894,0.9569,0.95207,0.96912,0.95883,0.95561,0.95529,0.95272,0.93567,0.95915,0.94789,0.95175,0.93245,0.95529,0.94436,0.93567,0.92666,0.92859,0.95047,0.96301,0.945,0.92023,0.93085,0.95433,0.89225,0.91894,0.93567,0.93889,0.93503,0.93696,0.9093,0.92506,0.8871,0.90769,0.93406,0.88775,0.954,0.89611,0.92023,0.90994,0.89965,0.92473,0.90576,0.93406,0.93824,0.95561,0.89997,0.90608,0.93149,0.94146,0.91798,0.89482,0.90833,0.91283,0.90608,0.90125,0.91894,0.91123,0.91444,0.90351,0.87134,0.92441,0.90608,0.87327,0.90511
85,0.21977,0.64564,0.93693,0.96099,1,0.97984,0.95481,0.99382,0.95351,0.95351,0.93466,0.92848,0.94473,0.9327,0.98602,0.96131,0.94993,0.94408,0.96066,0.95741,0.97594,0.95189,0.95351,0.96521,0.93661,0.93628,0.92685,0.92653,0.9158,0.94408,0.96131,0.94961,0.94376,0.94766,0.96294,0.93173,0.92978,0.94148,0.94636,0.94668,0.93498,0.9236,0.90572,0.90345,0.91808,0.89564,0.9262,0.93238,0.92198,0.95481,0.92393,0.92068,0.92945,0.92133,0.92458,0.93823,0.92588,0.87939,0.91352,0.92198,0.92913,0.94181,0.94441,0.88492,0.93205,0.90702,0.93075,0.89304,0.93205
86,0.99967,0.92109,1,0.96333,0.94761,0.9702,0.97937,0.96267,0.95776,0.94368,0.9738,0.95874,0.95874,0.9738,0.96267,0.96169,0.98625,0.95972,0.95842,0.98723,0.93026,0.98592,0.9702,0.963,0.98232,0.94204,0.94172,0.96726,0.94532,0.95514,0.97217,0.9666,0.95842,0.93877,0.95874,0.93844,0.91585,0.94237,0.95842,0.93811,0.92076,0.92403,0.94139,0.94139,0.93418,0.9427,0.94597,0.91912,0.95285,0.92436,0.93648,0.94237,0.90275,0.9057,0.93418,0.90537,0.92371,0.94859,0.95056,0.91847,0.9057,0.90275,0.8759,0.93713,0.91356,0.8854,0.95449,0.8854,0.91912
87,0.86088,1,0.99869,0.96244,0.96604,0.9533,0.98465,0.95493,0.98367,0.95591,0.96048,0.9484,0.97583,0.97943,0.95493,0.9742,0.98792,0.93338,0.94513,0.93174,0.96538,0.95656,0.97289,0.97224,0.96179,0.93044,0.96244,0.96408,0.92978,0.94775,0.95069,0.95983,0.94056,0.95493,0.95199,0.94089,0.9324,0.89745,0.95689,0.94056,0.92652,0.93991,0.94056,0.94415,0.94285,0.91868,0.90594,0.92587,0.92097,0.91803,0.88896,0.91901,0.9533,0.92619,0.9484,0.93142,0.91868,0.94775,0.93697,0.94709,0.90072,0.94938,0.91803,0.90594,0.89321,0.92391,0.91901,0.89811,0.94187
88,0.87948,0.96645,0.98436,0.96059,0.97915,0.98762,0.97883,1,0.93713,0.9798,0.93192,0.93648,0.98958,0.95993,0.96678,0.93779,0.98241,0.96319,0.93909,0.94235,0.95831,0.94007,0.94886,0.93909,0.94039,0.94104,0.93453,0.96221,0.96221,0.92313,0.95603,0.94137,0.95733,0.95537,0.96026,0.93094,0.93257,0.92997,0.95114,0.95407,0.94007,0.99414,0.94625,0.92704,0.9127,0.9671,0.92964,0.91433,0.90033,0.91954,0.94528,0.94951,0.94463,0.90586,0.91466,0.94169,0.92964,0.90847,0.91661,0.89414,0.94593,0.92182,0.96026,0.91857,0.95212,0.93453,0.9329,0.90749,0.90489
89,1,0.95582,0.95874,0.97693,0.96654,0.94932,0.98895,0.98733,0.97141,0.96069,0.95484,0.96719,0.91943,0.92495,0.97498,0.97303,0.95029,0.94737,0.9191,0.93827,0.96686,0.96459,0.95517,0.94964,0.92788,0.92982,0.95452,0.9425,0.94347,0.95354,0.94185,0.92528,0.94769,0.9178,0.90383,0.94802,0.96361,0.94672,0.90513,0.92105,0.90253,0.89669,0.94639,0.94217,0.9347,0.9347,0.92885,0.90416,0.91423,0.90838,0.93275,0.94314,0.92008,0.91683,0.89311,0.90123,0.92235,0.923,0.89539,0.91585,0.90643,0.91423,0.90123,0.91715,0.91488,0.90708,0.89701,0.93047,0.93437
90,0.97282,1,0.94274,0.97897,0.97735,0.97412,0.95309,0.94597,0.95471,0.97832,0.95859,0.95535,0.94047,0.9353,0.9573,0.97509,0.97477,0.9395,0.94921,0.97347,0.95115,0.96732,0.95018,0.96603,0.92009,0.93627,0.93724,0.97671,0.96118,0.93368,0.94824,0.93659,0.91136,0.93497,0.93756,0.94177,0.95471,0.945,0.93141,0.94177,0.93885,0.92915,0.96247,0.95697,0.91297,0.90618,0.92624,0.92591,0.91136,0.92688,0.92203,0.91912,0.8955,0.91588,0.90294,0.92268,0.91038,0.90974,0.93077,0.93497,0.92947,0.91038,0.89712,0.90747,0.86995,0.89874,0.91362,0.94533,0.93983
91,0.99042,0.97919,0.98712,0.9663,0.98414,0.99471,0.97919,0.99438,0.97258,0.96234,0.97754,0.96267,0.95243,0.97192,0.9782,0.96796,0.95507,0.97886,0.97225,0.99207,1,0.96862,0.93228,0.99174,0.97985,0.96829,0.96333,0.9739,0.96796,0.94714,0.94747,0.93756,0.97687,0.926,0.93624,0.91972,0.95639,0.98117,0.94417,0.96729,0.95441,0.95045,0.96498,0.93624,0.98877,0.93723,0.93591,0.9521,0.94219,0.92005,0.95441,0.94681,0.93393,0.94252,0.96135,0.93624,0.91278,0.92996,0.92137,0.92897,0.90981,0.92864,0.96069,0.91212,0.92897,0.90816,0.94582,0.91609,0.92963
92,0.27979,0.66895,0.94352,0.95723,1,0.99543,0.98661,0.98498,0.9889,0.97715,0.96833,0.94483,0.9716,0.97617,0.98988,0.96866,0.96637,0.9667,0.96017,0.95266,0.95038,0.96311,0.9396,0.96311,0.99086,0.94319,0.96964,0.94646,0.96637,0.9605,0.95527,0.9494,0.94417,0.95429,0.94123,0.94646,0.94319,0.93634,0.96148,0.9334,0.94842,0.92687,0.93144,0.93862,0.94091,0.92328,0.89912,0.94123,0.97029,0.92458,0.90826,0.92687,0.95135,0.93928,0.93503,0.91479,0.92785,0.95005,0.91479,0.96213,0.93797,0.91773,0.9556,0.93568,0.89324,0.92099,0.90467,0.92197,0.92132
93,0.061628,0.22673,0.5686,0.86117,0.95459,0.98216,0.97697,0.94616,0.97146,0.97697,0.93643,0.99286,0.94421,0.95427,1,0.94843,0.97632,0.92799,0.9734,0.96302,0.96043,0.95232,0.95329,0.92897,0.95427,0.96075,0.98476,0.97146,0.97729,0.94129,0.96108,0.92053,0.9507,0.95751,0.93448,0.90367,0.90886,0.96205,0.93318,0.95946,0.9228,0.9228,0.92151,0.93578,0.93675,0.93999,0.9121,0.92799,0.90918,0.92378,0.9507,0.90788,0.91923,0.93675,0.9494,0.93091,0.89329,0.94843,0.91275,0.90107,0.93091,0.93124,0.88064,0.9134,0.90139,0.92799,0.93513,0.88388,0.92897
94,0.97273,0.95843,1,0.97672,0.97107,0.98005,0.9551,0.97838,0.97473,0.96575,0.95178,0.97373,0.96674,0.97772,0.95111,0.9837,0.98903,0.98703,0.95244,0.9591,0.96608,0.98803,0.94047,0.94712,0.97506,0.96342,0.94679,0.9837,0.95211,0.9581,0.9561,0.95244,0.94978,0.96076,0.98337,0.95178,0.96608,0.95943,0.95045,0.95943,0.96907,0.95444,0.96508,0.94446,0.96408,0.90855,0.93715,0.95943,0.94746,0.96575,0.94147,0.93482,0.93316,0.96076,0.95078,0.91653,0.92551,0.91187,0.96275,0.89857,0.90655,0.95743,0.93881,0.94945,0.93216,0.9448,0.93183,0.94347,0.9142
95,0.96161,0.95129,0.97613,0.94032,1,0.97581,0.97323,0.96806,0.96839,0.94935,0.93968,0.95484,0.9371,0.97129,0.93032,0.96452,0.95484,0.93258,0.95032,0.9571,0.94452,0.94032,0.96194,0.93516,0.92194,0.91935,0.93,0.96226,0.91613,0.96355,0.9129,0.93419,0.90097,0.92226,0.90871,0.92968,0.91516,0.94097,0.89387,0.90419,0.93194,0.93581,0.91258,0.93,0.93935,0.90452,0.92677,0.91065,0.91677,0.92839,0.88645,0.93355,0.91613,0.90871,0.91677,0.89968,0.92097,0.90032,0.89419,0.91806,0.89677,0.89903,0.92839,0.91323,0.87452,0.90323,0.90452,0.91839,0.88032
96,0.96253,0.97771,0.95607,0.96641,0.96835,0.94994,0.93475,0.93282,0.94541,0.92442,0.94057,0.95736,0.95543,0.93282,0.94509,0.94025,0.93314,0.94832,0.9438,0.94606,0.95769,0.95607,0.93605,0.94509,0.94994,0.91441,0.92765,0.95898,0.96673,0.95575,0.95801,0.91764,0.96156,0.89535,0.92345,0.91311,0.93475,0.93346,0.9312,0.9354,0.92959,0.8905,0.93411,0.90245,0.92603,0.91764,0.91828,0.91182,0.90116,0.89793,0.92894,0.93443,0.92216,0.89664,0.92474,0.91311,0.87565,0.88307,0.9186,0.90698,0.91957,0.8666,0.89341,0.88017,0.9073,0.89244,0.91473,0.91053,0.92506
97,0.98932,0.96019,0.96375,0.98511,0.95599,0.97767,1,0.97443,0.98155,0.94078,0.94466,0.94401,0.95243,0.94175,0.96311,0.95275,0.92977,0.95243,0.93916,0.91683,0.93528,0.93236,0.94401,0.98123,0.93689,0.96181,0.93042,0.92751,0.9343,0.92362,0.91683,0.93333,0.92104,0.94337,0.92104,0.93592,0.9178,0.93333,0.9165,0.93786,0.93689,0.88608,0.94466,0.91812,0.89191,0.9233,0.9288,0.93301,0.88932,0.94822,0.93786,0.92557,0.9055,0.88123,0.89903,0.91942,0.90841,0.91812,0.92265,0.91327,0.89709,0.90647,0.90939,0.89256,0.87605,0.88544,0.93398,0.92136,0.91327
98,0.93803,0.95639,0.95639,0.99508,0.96557,0.90557,0.9682,0.96984,0.95574,0.98197,0.99607,0.96098,0.96984,0.94393,1,0.98885,0.97049,0.9623,0.98,0.99082,0.94262,0.96492,0.97607,0.96328,0.94721,0.93934,0.94525,0.98262,0.96098,0.97738,0.93443,0.94426,0.93213,0.95279,0.94426,0.96754,0.94656,0.95639,0.9118,0.92721,0.95475,0.93246,0.92787,0.91246,0.92885,0.9282,0.91049,0.9177,0.9423,0.93836,0.94852,0.93475,0.94328,0.9482,0.92,0.89049,0.93803,0.90787,0.91148,0.93639,0.90754,0.92328,0.94295,0.92689,0.92361,0.90033,0.90754,0.92721,0.91639
99,0.97452,0.97948,0.97849,0.99305,0.98676,0.98213,0.97386,0.97617,0.97253,0.97948,0.97287,0.97287,0.95963,0.96161,0.98809,0.97816,0.94705,0.96559,0.95367,0.98312,0.9454,0.94308,0.96592,0.955,0.95268,0.99967,0.95433,0.96161,0.94904,0.95103,0.94507,0.94209,0.93051,0.93283,0.96658,0.94375,0.94606,0.94143,0.92124,0.94871,0.91827,0.95797,0.92819,0.93183,0.95003,0.9186,0.9229,0.93547,0.92852,0.91992,0.94672,0.9325,0.93415,0.94341,0.90569,0.91529,0.93547,0.92886,0.92786,0.90702,0.92455,0.93216,0.96029,0.92654,0.8961,0.91099,0.92522,0.91959,0.90271
100,0.91672,0.98694,0.95656,0.92782,0.96244,0.96244,0.96799,0.97845,0.95722,0.97518,0.98857,0.96604,0.94415,0.94709,0.94121,0.96604,1,0.92619,0.95036,0.95101,0.92423,0.94938,0.96963,0.96473,0.95101,0.93991,0.94252,0.96604,0.96473,0.94546,0.95754,0.93142,0.9582,0.94481,0.95689,0.91084,0.94807,0.95722,0.95787,0.9288,0.9288,0.93044,0.90888,0.89941,0.90692,0.92685,0.88439,0.91868,0.92325,0.90562,0.94383,0.92815,0.95689,0.94121,0.92423,0.91999,0.92064,0.90105,0.91346,0.89909,0.93142,0.91672,0.9177,0.90235,0.92195,0.93044,0.91933,0.91019,0.87263
